0
0
31
1
0
0
0
1
0
1
0
1
31
1
0
0
1
1
0
1
0
2
31
1
0
0
2
1
0
1
0
3
31
1
0
0
3
28
0
1
0
4
31
1
0
0
4
231
0
1
0
5
31
1
0
0
6
31
1
0
0
7
31
1
0
0
8
31
1
0
0
9
31
1
0
0
10
31
1
0
0
11
31
1
0
0
12
31
1
0
0
13
31
1
0
0
13
31
1
1
0
14
29
1
0
0
14
217
0
1
0
15
1
0
0
0
16
1
0
0
0
16
1
0
1
0
16
167
0
2
0
17
1
0
0
1
0
31
1
0
1
0
1
0
1
1
0
228
0
2
1
1
31
1
0
1
1
1
0
1
1
1
169
0
2
1
2
31
1
0
1
2
1
0
1
1
2
183
0
2
1
3
31
1
0
1
3
21
0
1
1
4
31
1
0
1
4
44
0
1
1
5
31
1
0
1
5
43
0
1
1
6
31
1
0
1
7
31
1
0
1
8
31
1
0
1
9
31
1
0
1
10
31
1
0
1
11
31
1
0
1
12
31
1
0
1
13
31
1
0
1
13
218
1
1
1
14
29
1
0
1
14
232
1
1
1
15
1
0
0
1
15
175
0
1
1
15
246
0
2
1
16
1
0
0
1
17
1
0
0
1
17
175
0
1
2
0
31
1
0
2
0
1
0
1
2
0
229
0
2
2
1
31
1
0
2
1
1
0
1
2
1
170
0
2
2
2
31
1
0
2
2
1
0
1
2
2
184
0
2
2
3
31
1
0
2
3
1
0
1
2
4
31
1
0
2
4
1
0
1
2
5
31
1
0
2
5
28
0
1
2
6
31
1
0
2
7
31
1
0
2
8
31
1
0
2
8
182
0
1
2
9
31
1
0
2
9
196
0
1
2
10
31
1
0
2
11
31
1
0
2
12
31
1
0
2
13
31
1
0
2
13
219
1
1
2
14
29
1
0
2
14
233
1
1
2
15
1
0
0
2
15
247
1
1
2
16
1
0
0
2
17
1
0
0
3
0
31
1
0
3
0
1
0
1
3
1
31
1
0
3
1
1
0
1
3
1
171
0
2
3
2
31
1
0
3
2
1
0
1
3
2
175
0
2
3
3
31
1
0
3
3
1
0
1
3
4
31
1
0
3
4
1
0
1
3
4
175
0
2
3
5
31
1
0
3
5
28
0
1
3
6
31
1
0
3
7
31
1
0
3
8
31
1
0
3
8
31
1
1
3
9
31
1
0
3
10
31
1
0
3
11
31
1
0
3
12
31
1
0
3
13
31
1
0
3
13
220
1
1
3
14
29
1
0
3
14
234
1
1
3
15
1
0
0
3
15
248
0
1
3
16
1
0
0
3
17
1
0
0
3
17
228
1
1
4
0
31
1
0
4
0
1
0
1
4
1
31
1
0
4
1
1
0
1
4
1
173
0
2
4
2
31
1
0
4
2
1
0
1
4
3
31
1
0
4
3
1
0
1
4
3
239
0
2
4
4
31
1
0
4
4
20
0
1
4
5
31
1
0
4
5
31
1
1
4
5
31
1
2
4
5
57
0
3
4
6
31
1
0
4
7
31
1
0
4
8
31
1
0
4
9
31
1
0
4
10
31
1
0
4
11
31
1
0
4
12
31
1
0
4
13
31
1
0
4
14
29
1
0
4
15
1
0
0
4
16
1
0
0
4
16
175
0
1
4
17
1
0
0
4
17
229
1
1
5
0
31
1
0
5
0
1
0
1
5
1
31
1
0
5
1
1
0
1
5
2
31
1
0
5
2
1
0
1
5
3
31
1
0
5
3
20
0
1
5
4
31
1
0
5
4
57
0
1
5
5
31
1
0
5
5
231
0
1
5
6
31
1
0
5
7
31
1
0
5
8
31
1
0
5
9
31
1
0
5
10
31
1
0
5
11
31
1
0
5
12
31
1
0
5
13
31
1
0
5
14
29
1
0
5
15
1
0
0
5
15
1
0
1
5
16
1
0
0
5
17
1
0
0
6
0
31
1
0
6
0
1
0
1
6
0
183
0
2
6
1
31
1
0
6
1
20
0
1
6
2
31
1
0
6
2
30
0
1
6
3
31
1
0
6
3
57
0
1
6
4
31
1
0
6
5
31
1
0
6
6
31
1
0
6
7
31
1
0
6
8
31
1
0
6
9
31
1
0
6
10
31
1
0
6
11
31
1
0
6
12
31
1
0
6
13
31
1
0
6
14
29
1
0
6
15
1
0
0
6
15
167
0
1
6
16
1
0
0
6
17
1
0
0
6
17
230
0
1
7
0
31
1
0
7
0
1
0
1
7
0
184
0
2
7
1
31
1
0
7
1
28
0
1
7
2
31
1
0
7
2
231
0
1
7
3
31
1
0
7
4
31
1
0
7
5
31
1
0
7
6
31
1
0
7
7
31
1
0
7
8
31
1
0
7
9
31
1
0
7
10
31
1
0
7
11
31
1
0
7
12
31
1
0
7
13
31
1
0
7
14
29
1
0
7
15
1
0
0
7
16
1
0
0
7
16
167
0
1
7
17
1
0
0
8
0
31
1
0
8
0
30
0
1
8
1
31
1
0
8
1
57
0
1
8
2
31
1
0
8
3
31
1
0
8
4
31
1
0
8
5
31
1
0
8
6
31
1
0
8
7
31
1
0
8
8
31
1
0
8
9
31
1
0
8
10
31
1
0
8
11
31
1
0
8
11
182
0
1
8
12
31
1
0
8
12
196
0
1
8
13
31
1
0
8
14
29
1
0
8
15
1
0
0
8
16
1
0
0
8
17
1
0
0
9
0
31
1
0
9
1
31
1
0
9
2
31
1
0
9
3
31
1
0
9
4
31
1
0
9
5
31
1
0
9
5
228
0
1
9
6
31
1
0
9
7
31
1
0
9
8
31
1
0
9
9
31
1
0
9
10
31
1
0
9
11
31
1
0
9
12
31
1
0
9
13
31
1
0
9
14
29
1
0
9
15
1
0
0
9
16
1
0
0
9
17
1
0
0
10
0
31
1
0
10
1
31
1
0
10
2
31
1
0
10
3
31
1
0
10
4
31
1
0
10
5
31
1
0
10
5
229
0
1
10
6
31
1
0
10
7
31
1
0
10
8
31
1
0
10
9
31
1
0
10
10
31
1
0
10
11
31
1
0
10
12
31
1
0
10
13
31
1
0
10
14
29
1
0
10
15
1
0
0
10
15
230
0
1
10
16
1
0
0
10
16
175
0
1
10
17
1
0
0
11
0
31
1
0
11
1
31
1
0
11
2
31
1
0
11
3
31
1
0
11
4
31
1
0
11
5
31
1
0
11
6
31
1
0
11
7
31
1
0
11
8
31
1
0
11
9
31
1
0
11
10
31
1
0
11
11
31
1
0
11
12
31
1
0
11
13
31
1
0
11
14
29
1
0
11
15
1
0
0
11
16
1
0
0
11
17
1
0
0
12
0
31
1
0
12
1
31
1
0
12
2
31
1
0
12
3
31
1
0
12
4
31
1
0
12
5
31
1
0
12
6
31
1
0
12
7
31
1
0
12
8
31
1
0
12
9
31
1
0
12
10
31
1
0
12
11
31
1
0
12
12
31
1
0
12
13
31
1
0
12
14
29
1
0
12
15
1
0
0
12
16
1
0
0
12
17
1
0
0
12
17
230
0
1
13
0
31
1
0
13
1
31
1
0
13
2
31
1
0
13
3
31
1
0
13
4
31
1
0
13
5
31
1
0
13
6
31
1
0
13
7
31
1
0
13
8
31
1
0
13
9
31
1
0
13
10
31
1
0
13
11
31
1
0
13
12
31
1
0
13
13
31
1
0
13
14
29
1
0
13
15
1
0
0
13
15
230
0
1
13
16
1
0
0
13
17
1
0
0
14
0
31
1
0
14
1
31
1
0
14
2
31
1
0
14
2
182
0
1
14
3
31
1
0
14
3
196
0
1
14
4
31
1
0
14
5
31
1
0
14
6
31
1
0
14
7
31
1
0
14
8
31
1
0
14
9
31
1
0
14
10
31
1
0
14
11
31
1
0
14
12
31
1
0
14
13
31
1
0
14
13
217
0
1
14
14
29
1
0
14
15
1
0
0
14
16
1
0
0
14
17
1
0
0
14
17
175
0
1
15
0
31
1
0
15
1
31
1
0
15
2
31
1
0
15
3
31
1
0
15
4
31
1
0
15
5
31
1
0
15
6
31
1
0
15
7
31
1
0
15
8
31
1
0
15
9
31
1
0
15
10
31
1
0
15
11
31
1
0
15
12
31
1
0
15
13
31
1
0
15
14
29
1
0
15
15
1
0
0
15
16
1
0
0
15
17
1
0
0
16
0
31
1
0
16
0
44
1
1
16
1
31
1
0
16
1
44
1
1
16
2
31
1
0
16
2
43
1
1
16
3
31
1
0
16
4
31
1
0
16
5
31
1
0
16
6
31
1
0
16
7
31
1
0
16
8
31
1
0
16
9
31
1
0
16
10
31
1
0
16
11
31
1
0
16
12
31
1
0
16
13
31
1
0
16
14
29
1
0
16
15
1
0
0
16
16
1
0
0
16
16
171
1
1
16
17
1
0
0
17
0
31
1
0
17
0
1
1
1
17
0
169
0
2
17
1
31
1
0
17
1
1
1
1
17
1
183
0
2
17
2
31
1
0
17
2
28
1
1
17
3
31
1
0
17
4
31
1
0
17
5
31
1
0
17
6
31
1
0
17
7
31
1
0
17
8
31
1
0
17
9
31
1
0
17
10
31
1
0
17
11
31
1
0
17
12
31
1
0
17
13
31
1
0
17
14
29
1
0
17
15
1
0
0
17
16
1
0
0
17
16
172
1
1
17
17
1
0
0
18
0
31
1
0
18
0
1
1
1
18
0
170
0
2
18
1
31
1
0
18
1
1
1
1
18
1
184
0
2
18
2
31
1
0
18
2
28
1
1
18
3
31
1
0
18
4
31
1
0
18
5
31
1
0
18
6
31
1
0
18
7
31
1
0
18
8
31
1
0
18
9
31
1
0
18
10
31
1
0
18
11
31
1
0
18
12
31
1
0
18
13
31
1
0
18
14
29
1
0
18
15
1
0
0
18
15
175
0
1
18
16
1
0
0
18
16
201
0
1
18
17
1
0
0
19
0
31
1
0
19
0
1
1
1
19
0
175
0
2
19
1
31
1
0
19
1
1
1
1
19
2
31
1
0
19
2
28
1
1
19
3
31
1
0
19
4
31
1
0
19
5
31
1
0
19
6
31
1
0
19
6
182
0
1
19
7
31
1
0
19
7
196
0
1
19
8
31
1
0
19
9
31
1
0
19
10
31
1
0
19
11
31
1
0
19
12
31
1
0
19
13
31
1
0
19
14
29
1
0
19
15
1
0
0
19
15
230
0
1
19
16
1
0
0
19
17
1
0
0
20
0
31
1
0
20
0
1
1
1
20
1
31
1
0
20
1
20
1
1
20
2
31
1
0
20
2
57
1
1
20
3
31
1
0
20
4
31
1
0
20
5
31
1
0
20
6
31
1
0
20
7
31
1
0
20
8
31
1
0
20
9
31
1
0
20
10
31
1
0
20
11
31
1
0
20
12
31
1
0
20
13
31
1
0
20
14
29
1
0
20
15
1
0
0
20
15
169
1
1
20
16
1
0
0
20
16
183
1
1
20
17
1
0
0
21
0
31
1
0
21
0
1
1
1
21
0
171
0
2
21
1
31
1
0
21
1
21
1
1
21
2
31
1
0
21
2
44
1
1
21
3
31
1
0
21
3
44
1
1
21
4
31
1
0
21
4
43
1
1
21
5
31
1
0
21
6
31
1
0
21
7
31
1
0
21
8
31
1
0
21
9
31
1
0
21
10
31
1
0
21
11
31
1
0
21
12
31
1
0
21
13
31
1
0
21
14
29
1
0
21
15
1
0
0
21
15
170
1
1
21
16
1
0
0
21
16
184
1
1
21
17
1
0
0
22
0
31
1
0
22
0
1
1
1
22
0
172
0
2
22
1
31
1
0
22
1
1
1
1
22
2
31
1
0
22
2
1
1
1
22
2
228
0
2
22
3
31
1
0
22
3
1
1
1
22
4
31
1
0
22
4
28
1
1
22
5
31
1
0
22
6
31
1
0
22
7
31
1
0
22
8
31
1
0
22
9
31
1
0
22
10
31
1
0
22
11
31
1
0
22
12
31
1
0
22
13
31
1
0
22
14
29
1
0
22
15
1
0
0
22
16
1
0
0
22
17
1
0
0
23
0
31
1
0
23
0
1
1
1
23
1
31
1
0
23
1
1
1
1
23
1
187
0
2
23
2
31
1
0
23
2
1
1
1
23
2
229
0
2
23
3
31
1
0
23
3
1
1
1
23
3
175
0
2
23
3
200
0
3
23
4
31
1
0
23
4
28
1
1
23
4
28
1
2
23
5
31
1
0
23
5
231
0
1
23
6
31
1
0
23
7
31
1
0
23
8
31
1
0
23
9
31
1
0
23
10
31
1
0
23
11
31
1
0
23
12
31
1
0
23
13
31
1
0
23
14
29
1
0
23
15
1
0
0
23
16
1
0
0
23
17
1
0
0
23
17
171
1
1
24
0
31
1
0
24
0
1
1
1
24
0
175
0
2
24
1
31
1
0
24
1
1
1
1
24
1
188
0
2
24
2
31
1
0
24
2
1
1
1
24
2
202
0
2
24
3
31
1
0
24
3
1
1
1
24
3
1
1
2
24
3
216
0
3
24
4
31
1
0
24
4
28
1
1
24
5
31
1
0
24
6
31
1
0
24
7
31
1
0
24
8
31
1
0
24
9
31
1
0
24
10
31
1
0
24
11
31
1
0
24
12
31
1
0
24
13
31
1
0
24
14
29
1
0
24
15
1
0
0
24
16
1
0
0
24
16
175
0
1
24
17
1
0
0
24
17
173
1
1
25
0
31
1
0
25
0
20
1
1
25
1
31
1
0
25
1
30
1
1
25
1
30
1
2
25
1
189
0
3
25
2
31
1
0
25
2
30
1
1
25
2
203
0
2
25
3
31
1
0
25
3
30
1
1
25
4
31
1
0
25
4
57
1
1
25
5
31
1
0
25
6
31
1
0
25
7
31
1
0
25
8
31
1
0
25
9
31
1
0
25
10
31
1
0
25
11
31
1
0
25
12
31
1
0
25
13
31
1
0
25
14
29
1
0
25
14
217
0
1
25
15
1
0
0
25
16
1
0
0
25
17
1
0
0
26
0
28
1
0
26
1
31
1
0
26
2
31
1
0
26
3
31
1
0
26
4
31
1
0
26
4
231
0
1
26
5
31
1
0
26
6
31
1
0
26
7
31
1
0
26
8
31
1
0
26
9
31
1
0
26
10
31
1
0
26
11
31
1
0
26
12
31
1
0
26
13
31
1
0
26
14
29
1
0
26
15
1
0
0
26
16
1
0
0
26
17
1
0
0
27
0
31
1
0
27
0
57
1
1
27
1
31
1
0
27
2
31
1
0
27
3
31
1
0
27
4
31
1
0
27
5
31
1
0
27
6
31
1
0
27
7
31
1
0
27
8
31
1
0
27
9
31
1
0
27
9
228
0
1
27
10
31
1
0
27
11
31
1
0
27
12
31
1
0
27
13
31
1
0
27
13
197
1
1
27
14
29
1
0
27
14
211
1
1
27
15
1
0
0
27
15
225
0
1
27
16
1
0
0
27
17
1
0
0
28
0
31
1
0
28
1
31
1
0
28
2
31
1
0
28
3
31
1
0
28
4
31
1
0
28
5
31
1
0
28
6
31
1
0
28
7
31
1
0
28
8
31
1
0
28
9
31
1
0
28
9
229
0
1
28
10
31
1
0
28
11
31
1
0
28
12
31
1
0
28
13
31
1
0
28
13
198
1
1
28
14
29
1
0
28
14
212
1
1
28
15
1
0
0
28
15
226
1
1
28
16
1
0
0
28
17
1
0
0
29
0
31
1
0
29
1
31
1
0
29
2
31
1
0
29
3
31
1
0
29
4
31
1
0
29
5
31
1
0
29
6
31
1
0
29
7
31
1
0
29
8
31
1
0
29
9
31
1
0
29
10
31
1
0
29
11
31
1
0
29
12
31
1
0
29
13
31
1
0
29
13
199
1
1
29
14
29
1
0
29
14
213
1
1
29
15
1
0
0
29
15
227
0
1
29
15
230
0
2
29
16
1
0
0
29
17
1
0
0
30
0
31
1
0
30
1
31
1
0
30
2
31
1
0
30
3
31
1
0
30
4
31
1
0
30
5
31
1
0
30
6
31
1
0
30
7
31
1
0
30
8
31
1
0
30
9
31
1
0
30
10
31
1
0
30
11
31
1
0
30
12
31
1
0
30
13
31
1
0
30
14
29
1
0
30
15
1
0
0
30
16
1
0
0
30
17
1
0
0
30
17
1
0
1
31
0
31
1
0
31
1
31
1
0
31
2
31
1
0
31
3
31
1
0
31
4
31
1
0
31
5
31
1
0
31
6
31
1
0
31
7
31
1
0
31
8
31
1
0
31
9
31
1
0
31
10
31
1
0
31
11
31
1
0
31
12
31
1
0
31
13
31
1
0
31
14
29
1
0
31
14
29
1
1
31
15
1
0
0
31
15
1
0
1
31
15
201
0
2
31
16
1
0
0
31
16
104
0
1
31
17
1
0
0
31
17
118
0
1
