0
0
1
0
0
0
1
1
0
0
0
2
1
0
0
0
3
1
0
0
0
4
1
0
0
0
5
1
0
0
0
6
1
0
0
0
7
1
0
0
0
8
1
0
0
0
9
1
0
0
0
10
1
0
0
0
11
1
0
0
0
12
1
0
0
0
13
1
0
0
0
14
1
0
0
0
15
1
0
0
0
15
182
1
1
0
16
1
0
0
0
16
196
1
1
0
17
1
0
0
0
17
201
0
1
1
0
1
0
0
1
1
1
0
0
1
2
1
0
0
1
3
1
0
0
1
3
230
0
1
1
4
1
0
0
1
5
1
0
0
1
5
171
1
1
1
6
1
0
0
1
6
1
0
1
1
7
1
0
0
1
8
1
0
0
1
9
1
0
0
1
10
1
0
0
1
11
1
0
0
1
12
1
0
0
1
13
1
0
0
1
13
228
1
1
1
14
1
0
0
1
15
1
0
0
1
16
1
0
0
1
16
201
0
1
1
17
1
0
0
1
17
182
1
1
2
0
1
0
0
2
1
1
0
0
2
2
1
0
0
2
3
1
0
0
2
4
1
0
0
2
5
1
0
0
2
5
173
1
1
2
6
1
0
0
2
6
1
0
1
2
6
1
0
2
2
7
1
0
0
2
7
1
0
1
2
8
1
0
0
2
9
1
0
0
2
10
1
0
0
2
11
1
0
0
2
12
1
0
0
2
13
1
0
0
2
13
229
1
1
2
14
1
0
0
2
15
1
0
0
2
16
1
0
0
2
17
1
0
0
2
17
201
0
1
3
0
1
0
0
3
1
1
0
0
3
2
1
0
0
3
3
1
0
0
3
4
31
0
0
3
4
20
1
1
3
5
31
0
0
3
5
30
1
1
3
6
31
0
0
3
6
34
1
1
3
7
1
0
0
3
7
1
0
1
3
7
182
1
2
3
8
1
0
0
3
8
1
0
1
3
8
196
1
2
3
9
1
0
0
3
10
1
0
0
3
11
1
0
0
3
12
1
0
0
3
13
1
0
0
3
14
1
0
0
3
15
1
0
0
3
16
1
0
0
3
16
182
1
1
3
17
1
0
0
3
17
196
1
1
4
0
1
0
0
4
1
1
0
0
4
1
239
1
1
4
2
1
0
0
4
3
1
0
0
4
4
31
0
0
4
4
28
1
1
4
5
31
0
0
4
6
31
0
0
4
6
42
1
1
4
7
31
0
0
4
7
30
1
1
4
8
31
0
0
4
8
31
0
1
4
8
30
1
2
4
9
31
0
0
4
9
30
1
1
4
10
31
0
0
4
10
30
1
1
4
11
31
0
0
4
11
34
1
1
4
12
1
0
0
4
13
1
0
0
4
13
1
0
1
4
13
171
1
2
4
14
1
0
0
4
15
1
0
0
4
16
1
0
0
4
17
1
0
0
5
0
1
0
0
5
0
239
1
1
5
1
1
0
0
5
2
1
0
0
5
3
1
0
0
5
4
31
0
0
5
4
21
1
1
5
5
31
0
0
5
5
43
1
1
5
6
1
0
0
5
6
31
0
1
5
7
1
0
0
5
7
31
0
1
5
7
230
0
2
5
8
1
0
0
5
8
31
0
1
5
9
1
0
0
5
9
1
0
1
5
9
31
0
2
5
10
1
0
0
5
10
31
0
1
5
11
31
0
0
5
11
29
1
1
5
12
1
0
0
5
13
1
0
0
5
13
173
1
1
5
14
1
0
0
5
15
1
0
0
5
16
1
0
0
5
17
1
0
0
5
17
182
1
1
6
0
1
0
0
6
0
235
1
1
6
1
1
0
0
6
1
249
1
1
6
2
1
0
0
6
3
1
0
0
6
4
1
0
0
6
5
31
0
0
6
5
28
1
1
6
6
1
0
0
6
6
31
0
1
6
7
1
0
0
6
7
31
0
1
6
8
1
0
0
6
8
31
0
1
6
9
1
0
0
6
9
31
0
1
6
10
1
0
0
6
10
31
0
1
6
11
31
0
0
6
11
42
1
1
6
12
31
0
0
6
12
30
1
1
6
13
31
0
0
6
13
34
1
1
6
14
1
0
0
6
15
1
0
0
6
16
1
0
0
6
17
1
0
0
6
17
228
1
1
7
0
1
0
0
7
0
236
1
1
7
1
1
0
0
7
1
250
1
1
7
2
1
0
0
7
3
1
0
0
7
4
1
0
0
7
4
1
0
1
7
5
31
0
0
7
5
28
1
1
7
6
1
0
0
7
6
31
0
1
7
7
1
0
0
7
7
31
0
1
7
8
1
0
0
7
8
31
0
1
7
9
1
0
0
7
9
31
0
1
7
10
1
0
0
7
10
31
0
1
7
11
31
0
0
7
12
31
0
0
7
13
31
0
0
7
13
29
1
1
7
13
29
1
2
7
14
1
0
0
7
15
1
0
0
7
16
1
0
0
7
17
1
0
0
7
17
229
1
1
8
0
15
0
0
8
0
15
0
1
8
0
221
1
2
8
1
1
0
0
8
1
235
1
1
8
2
1
0
0
8
2
249
1
1
8
3
1
0
0
8
4
1
0
0
8
5
31
0
0
8
5
28
1
1
8
6
1
0
0
8
6
31
0
1
8
7
1
0
0
8
7
31
0
1
8
8
1
0
0
8
8
31
0
1
8
8
217
0
2
8
9
1
0
0
8
9
31
0
1
8
10
1
0
0
8
10
31
0
1
8
11
31
0
0
8
12
31
0
0
8
13
31
0
0
8
13
29
1
1
8
14
1
0
0
8
15
1
0
0
8
16
1
0
0
8
17
1
0
0
9
0
15
0
0
9
0
239
1
1
9
0
222
1
2
9
1
1
0
0
9
1
236
1
1
9
2
1
0
0
9
2
250
1
1
9
3
1
0
0
9
4
31
0
0
9
4
20
0
1
9
5
31
1
0
9
5
57
0
1
9
6
1
0
0
9
6
31
0
1
9
7
1
0
0
9
7
31
0
1
9
8
1
0
0
9
8
31
0
1
9
9
1
0
0
9
9
31
0
1
9
10
1
0
0
9
10
31
0
1
9
10
230
0
2
9
11
31
0
0
9
12
31
0
0
9
12
56
1
1
9
12
231
0
2
9
13
31
0
0
9
13
35
1
1
9
14
1
0
0
9
15
1
0
0
9
16
1
0
0
9
17
1
0
0
10
0
31
0
0
10
0
30
1
1
10
1
31
0
0
10
1
34
1
1
10
2
15
0
0
10
3
31
1
0
10
3
20
1
1
10
4
31
0
0
10
4
57
0
1
10
4
171
0
2
10
5
31
1
0
10
6
31
0
0
10
6
231
0
1
10
7
1
0
0
10
7
31
0
1
10
8
1
0
0
10
8
31
0
1
10
8
230
0
2
10
9
1
0
0
10
9
31
0
1
10
10
31
1
0
10
11
31
0
0
10
11
56
1
1
10
12
31
0
0
10
12
35
1
1
10
13
1
0
0
10
14
1
0
0
10
15
1
0
0
10
16
1
0
0
10
17
1
0
0
11
0
31
0
0
11
1
31
0
0
11
1
42
1
1
11
2
31
0
0
11
2
30
1
1
11
3
31
1
0
11
3
57
0
1
11
4
31
0
0
11
4
31
0
1
11
4
56
0
2
11
4
172
0
3
11
5
31
1
0
11
5
44
1
1
11
6
31
1
0
11
6
44
1
1
11
7
31
0
0
11
7
44
1
1
11
8
31
0
0
11
8
43
1
1
11
9
31
1
0
11
10
31
0
0
11
10
33
0
1
11
11
31
0
0
11
11
29
1
1
11
12
1
0
0
11
13
1
0
0
11
14
1
0
0
11
15
1
0
0
11
16
1
0
0
11
17
1
0
0
12
0
31
0
0
12
1
31
0
0
12
2
31
0
0
12
2
56
1
1
12
3
31
1
0
12
3
44
1
1
12
4
31
0
0
12
4
35
0
1
12
5
1
0
0
12
6
1
0
0
12
7
1
0
0
12
8
31
0
0
12
8
21
1
1
12
9
31
0
0
12
9
43
1
1
12
10
31
0
0
12
10
2
0
1
12
11
31
0
0
12
11
29
1
1
12
12
1
0
0
12
13
1
0
0
12
14
1
0
0
12
15
1
0
0
12
16
1
0
0
12
17
1
0
0
13
0
31
0
0
13
1
31
0
0
13
1
56
1
1
13
2
31
1
0
13
2
35
1
1
13
3
1
0
0
13
4
1
0
0
13
5
1
0
0
13
5
176
1
1
13
6
1
0
0
13
6
190
1
1
13
7
1
0
0
13
8
1
0
0
13
8
104
0
1
13
9
31
0
0
13
9
21
1
1
13
10
31
0
0
13
10
44
0
1
13
10
32
0
2
13
11
31
0
0
13
11
35
1
1
13
12
1
0
0
13
13
1
0
0
13
14
1
0
0
13
15
1
0
0
13
16
1
0
0
13
17
1
0
0
14
0
31
0
0
14
0
231
0
1
14
1
31
0
0
14
1
29
1
1
14
1
29
1
2
14
2
15
0
0
14
3
1
0
0
14
4
1
0
0
14
5
1
0
0
14
5
177
1
1
14
6
1
0
0
14
6
191
1
1
14
7
1
0
0
14
8
1
0
0
14
9
1
0
0
14
9
119
0
1
14
10
1
0
0
14
11
1
0
0
14
12
1
0
0
14
13
1
0
0
14
14
1
0
0
14
15
1
0
0
14
16
1
0
0
14
17
1
0
0
15
0
31
0
0
15
1
31
0
0
15
1
29
1
1
15
2
15
0
0
15
3
1
0
0
15
4
1
0
0
15
5
1
0
0
15
5
178
1
1
15
6
1
0
0
15
6
192
1
1
15
7
1
0
0
15
8
1
0
0
15
8
176
1
1
15
9
1
0
0
15
9
190
1
1
15
10
1
0
0
15
11
1
0
0
15
12
1
0
0
15
13
1
0
0
15
14
1
0
0
15
15
1
0
0
15
16
1
0
0
15
16
228
1
1
15
17
1
0
0
16
0
31
0
0
16
1
31
0
0
16
1
29
1
1
16
2
1
0
0
16
3
1
0
0
16
4
1
0
0
16
5
1
0
0
16
6
1
0
0
16
7
1
0
0
16
8
1
0
0
16
8
177
1
1
16
9
1
0
0
16
9
191
1
1
16
10
1
0
0
16
11
1
0
0
16
12
1
0
0
16
12
182
1
1
16
13
1
0
0
16
13
196
1
1
16
14
1
0
0
16
15
1
0
0
16
16
1
0
0
16
16
229
1
1
16
17
1
0
0
17
0
31
0
0
17
0
56
1
1
17
1
31
0
0
17
1
35
1
1
17
2
1
0
0
17
3
1
0
0
17
4
1
0
0
17
5
1
0
0
17
6
1
0
0
17
7
1
0
0
17
8
1
0
0
17
8
178
1
1
17
9
1
0
0
17
9
192
1
1
17
10
1
0
0
17
11
1
0
0
17
12
1
0
0
17
13
1
0
0
17
13
201
0
1
17
14
1
0
0
17
15
1
0
0
17
16
1
0
0
17
17
1
0
0
18
0
31
0
0
18
0
35
1
1
18
1
1
0
0
18
2
1
0
0
18
3
1
0
0
18
4
1
0
0
18
5
1
0
0
18
6
1
0
0
18
7
1
0
0
18
7
228
1
1
18
8
1
0
0
18
9
1
0
0
18
10
1
0
0
18
11
1
0
0
18
12
1
0
0
18
13
1
0
0
18
14
1
0
0
18
15
1
0
0
18
16
1
0
0
18
17
1
0
0
19
0
1
0
0
19
1
1
0
0
19
2
1
0
0
19
2
214
1
1
19
3
1
0
0
19
4
1
0
0
19
5
1
0
0
19
6
1
0
0
19
7
1
0
0
19
7
229
1
1
19
8
1
0
0
19
9
1
0
0
19
10
1
0
0
19
11
1
0
0
19
12
1
0
0
19
13
1
0
0
19
14
1
0
0
19
15
1
0
0
19
16
1
0
0
19
17
1
0
0
20
0
1
0
0
20
1
1
0
0
20
2
1
0
0
20
3
1
0
0
20
4
1
0
0
20
4
214
1
1
20
5
1
0
0
20
6
1
0
0
20
7
1
0
0
20
8
1
0
0
20
9
1
0
0
20
10
1
0
0
20
11
1
0
0
20
12
1
0
0
20
13
1
0
0
20
14
1
0
0
20
14
228
1
1
20
15
1
0
0
20
15
201
0
1
20
16
1
0
0
20
17
1
0
0
21
0
1
0
0
21
1
1
0
0
21
2
1
0
0
21
3
1
0
0
21
4
1
0
0
21
5
1
0
0
21
6
1
0
0
21
7
1
0
0
21
8
1
0
0
21
9
1
0
0
21
10
1
0
0
21
11
1
0
0
21
12
1
0
0
21
13
1
0
0
21
14
1
0
0
21
14
229
1
1
21
15
1
0
0
21
16
1
0
0
21
17
1
0
0
22
0
1
0
0
22
1
1
0
0
22
1
218
1
1
22
2
1
0
0
22
2
232
0
1
22
3
1
0
0
22
3
168
0
1
22
3
246
0
2
22
4
1
0
0
22
5
1
0
0
22
6
1
0
0
22
7
1
0
0
22
8
1
0
0
22
9
1
0
0
22
10
1
0
0
22
11
1
0
0
22
12
1
0
0
22
13
1
0
0
22
14
1
0
0
22
14
201
0
1
22
15
1
0
0
22
16
1
0
0
22
17
1
0
0
23
0
1
0
0
23
1
1
0
0
23
1
219
1
1
23
2
1
0
0
23
2
233
1
1
23
3
1
0
0
23
3
168
0
1
23
3
247
1
2
23
4
1
0
0
23
4
168
0
1
23
5
1
0
0
23
5
169
1
1
23
6
1
0
0
23
6
183
1
1
23
7
1
0
0
23
8
1
0
0
23
9
1
0
0
23
9
175
0
1
23
10
1
0
0
23
11
1
0
0
23
12
1
0
0
23
13
1
0
0
23
13
175
0
1
23
14
1
0
0
23
15
1
0
0
23
16
1
0
0
23
17
1
0
0
23
17
175
0
1
24
0
1
0
0
24
0
197
1
1
24
1
1
0
0
24
1
211
1
1
24
1
220
1
2
24
2
1
0
0
24
2
234
1
1
24
2
225
0
2
24
3
1
0
0
24
3
168
0
1
24
3
248
1
2
24
4
1
0
0
24
4
168
0
1
24
5
1
0
0
24
5
170
1
1
24
6
1
0
0
24
6
184
1
1
24
7
1
0
0
24
8
1
0
0
24
9
1
0
0
24
10
1
0
0
24
10
197
1
1
24
11
1
0
0
24
11
211
1
1
24
12
1
0
0
24
12
225
0
1
24
13
1
0
0
24
14
1
0
0
24
15
1
0
0
24
16
1
0
0
24
17
1
0
0
25
0
1
0
0
25
0
198
1
1
25
1
1
0
0
25
1
212
1
1
25
2
1
0
0
25
2
226
1
1
25
2
218
1
2
25
3
1
0
0
25
3
232
1
1
25
4
1
0
0
25
4
168
0
1
25
4
246
0
2
25
5
1
0
0
25
6
1
0
0
25
6
171
1
1
25
7
1
0
0
25
8
1
0
0
25
9
1
0
0
25
10
1
0
0
25
10
198
1
1
25
11
1
0
0
25
11
212
1
1
25
12
1
0
0
25
12
167
0
1
25
12
226
1
2
25
13
1
0
0
25
14
1
0
0
25
15
1
0
0
25
16
1
0
0
25
16
175
0
1
25
17
1
0
0
25
17
167
0
1
26
0
1
0
0
26
0
199
1
1
26
0
211
1
2
26
1
1
0
0
26
1
213
1
1
26
1
225
0
2
26
2
1
0
0
26
2
227
0
1
26
2
219
1
2
26
3
1
0
0
26
3
233
1
1
26
4
1
0
0
26
4
168
0
1
26
4
247
1
2
26
5
1
0
0
26
5
1
0
1
26
5
168
0
2
26
6
1
0
0
26
6
172
1
1
26
7
1
0
0
26
7
1
0
1
26
7
169
1
2
26
8
1
0
0
26
8
175
0
1
26
8
183
1
2
26
9
1
0
0
26
10
1
0
0
26
10
199
1
1
26
11
1
0
0
26
11
213
1
1
26
12
1
0
0
26
12
227
0
1
26
13
1
0
0
26
14
1
0
0
26
14
175
0
1
26
15
1
0
0
26
15
167
0
1
26
16
1
0
0
26
17
1
0
0
26
17
167
0
1
27
0
1
0
0
27
0
212
1
1
27
1
1
0
0
27
1
226
1
1
27
2
1
0
0
27
2
197
1
1
27
2
220
1
2
27
3
1
0
0
27
3
211
1
1
27
4
1
0
0
27
4
225
0
1
27
4
168
0
2
27
4
248
0
3
27
5
1
0
0
27
6
1
0
0
27
7
1
0
0
27
7
170
1
1
27
8
1
0
0
27
8
168
0
1
27
8
184
1
2
27
9
1
0
0
27
10
1
0
0
27
11
1
0
0
27
11
153
0
1
27
12
1
0
0
27
12
1
0
1
27
12
167
0
2
27
13
1
0
0
27
13
175
0
1
27
14
1
0
0
27
15
1
0
0
27
15
167
0
1
27
16
1
0
0
27
16
175
0
1
27
17
1
0
0
27
17
175
0
1
28
0
1
0
0
28
0
213
1
1
28
1
1
0
0
28
1
227
0
1
28
2
1
0
0
28
2
198
1
1
28
3
1
0
0
28
3
212
1
1
28
4
1
0
0
28
4
226
1
1
28
5
1
0
0
28
5
169
1
1
28
6
1
0
0
28
6
183
1
1
28
7
1
0
0
28
7
168
0
1
28
8
1
0
0
28
8
168
0
1
28
9
1
0
0
28
10
1
0
0
28
11
1
0
0
28
11
175
0
1
28
12
1
0
0
28
13
1
0
0
28
14
1
0
0
28
14
167
0
1
28
15
1
0
0
28
15
175
0
1
28
16
1
0
0
28
16
175
0
1
28
17
1
0
0
28
17
175
0
1
29
0
1
0
0
29
0
197
1
1
29
1
1
0
0
29
1
211
1
1
29
1
197
1
2
29
2
1
0
0
29
2
211
1
1
29
2
199
1
2
29
3
1
0
0
29
3
225
0
1
29
3
213
1
2
29
4
1
0
0
29
4
230
0
1
29
4
227
0
2
29
5
1
0
0
29
5
170
1
1
29
6
1
0
0
29
6
184
1
1
29
7
1
0
0
29
8
1
0
0
29
8
169
1
1
29
9
1
0
0
29
9
168
0
1
29
9
183
1
2
29
10
1
0
0
29
10
167
0
1
29
11
1
0
0
29
12
1
0
0
29
12
167
0
1
29
13
1
0
0
29
14
1
0
0
29
14
1
0
1
29
14
175
0
2
29
15
1
0
0
29
15
175
0
1
29
16
1
0
0
29
16
175
0
1
29
17
1
0
0
29
17
175
0
1
30
0
1
0
0
30
0
198
1
1
30
1
1
0
0
30
1
212
1
1
30
1
198
1
2
30
2
1
0
0
30
2
168
0
1
30
2
212
1
2
30
3
1
0
0
30
3
226
1
1
30
4
1
0
0
30
5
1
0
0
30
6
1
0
0
30
6
169
1
1
30
7
1
0
0
30
7
183
1
1
30
8
1
0
0
30
8
170
1
1
30
9
1
0
0
30
9
184
1
1
30
10
1
0
0
30
11
1
0
0
30
11
1
0
1
30
12
1
0
0
30
12
1
0
1
30
12
175
0
2
30
13
1
0
0
30
13
1
0
1
30
13
167
0
2
30
14
1
0
0
30
14
1
0
1
30
14
175
0
2
30
15
1
0
0
30
15
175
0
1
30
16
1
0
0
30
16
175
0
1
30
17
15
0
0
30
17
228
1
1
31
0
1
0
0
31
0
1
0
1
31
0
199
1
2
31
1
1
0
0
31
1
213
1
1
31
1
199
1
2
31
2
1
0
0
31
2
213
1
1
31
3
1
0
0
31
3
227
0
1
31
4
1
0
0
31
5
1
0
0
31
6
1
0
0
31
6
170
1
1
31
7
1
0
0
31
7
168
0
1
31
7
184
1
2
31
8
1
0
0
31
9
1
0
0
31
10
1
0
0
31
10
153
0
1
31
11
1
0
0
31
11
167
0
1
31
12
1
0
0
31
12
167
0
1
31
13
1
0
0
31
14
1
0
0
31
14
167
0
1
31
15
1
0
0
31
15
175
0
1
31
16
1
0
0
31
16
175
0
1
31
17
1
0
0
31
17
229
1
1
