3
3
16
1
0
3
4
16
1
0
3
5
16
1
0
3
6
16
1
0
3
11
16
1
0
3
11
16
1
1
3
12
16
1
0
3
13
16
1
0
3
14
16
1
0
3
14
16
1
1
4
2
16
1
0
4
7
16
1
0
4
10
16
1
0
4
10
16
1
1
4
15
16
1
0
5
2
16
1
0
5
7
16
1
0
5
10
16
1
0
5
15
16
1
0
6
2
16
1
0
6
7
16
1
0
6
10
16
1
0
6
15
16
1
0
7
2
16
1
0
7
7
16
1
0
7
10
16
1
0
7
15
16
1
0
8
2
16
1
0
8
2
16
1
1
8
2
16
1
2
8
7
16
1
0
8
10
16
1
0
8
15
16
1
0
8
15
16
1
1
9
3
16
1
0
9
4
16
1
0
9
5
16
1
0
9
6
16
1
0
9
6
16
1
1
9
11
16
1
0
9
12
16
1
0
9
12
16
1
1
9
13
16
1
0
9
14
16
1
0
12
8
16
1
0
12
9
16
1
0
13
7
16
1
0
13
10
16
1
0
14
6
16
1
0
14
11
16
1
0
15
5
16
1
0
15
12
16
1
0
16
5
16
1
0
16
12
16
1
0
17
6
16
1
0
17
11
16
1
0
18
7
16
1
0
18
10
16
1
0
19
8
16
1
0
19
9
16
1
0
22
3
16
1
0
22
3
16
1
1
22
4
16
1
0
22
5
16
1
0
22
6
16
1
0
22
11
16
1
0
22
12
16
1
0
22
13
16
1
0
22
14
16
1
0
23
2
16
1
0
23
2
16
1
1
23
7
16
1
0
23
7
16
1
1
23
10
16
1
0
23
15
16
1
0
23
15
16
1
1
24
2
16
1
0
24
7
16
1
0
24
10
16
1
0
24
15
16
1
0
25
2
16
1
0
25
7
16
1
0
25
10
16
1
0
25
15
16
1
0
26
2
16
1
0
26
7
16
1
0
26
10
16
1
0
26
15
16
1
0
27
2
16
1
0
27
2
16
1
1
27
7
16
1
0
27
7
16
1
1
27
10
16
1
0
27
10
16
1
1
27
15
16
1
0
28
3
16
1
0
28
4
16
1
0
28
5
16
1
0
28
6
16
1
0
28
6
16
1
1
28
11
16
1
0
28
12
16
1
0
28
13
16
1
0
28
14
16
1
0
28
14
16
1
1
