0
0
1
0
0
0
0
1
0
1
0
0
175
0
2
0
0
175
0
3
0
1
1
0
0
0
1
175
0
1
0
2
1
0
0
0
2
1
0
1
0
3
1
0
0
0
4
1
0
0
0
4
175
0
1
0
5
1
0
0
0
6
1
0
0
0
7
1
0
0
0
8
1
0
0
0
8
200
0
1
0
9
1
0
0
0
10
1
0
0
0
11
1
0
0
0
12
31
1
0
0
12
28
1
1
0
13
31
1
0
0
13
229
0
1
0
14
31
1
0
0
14
29
1
1
0
15
1
0
0
0
16
1
0
0
0
16
169
1
1
0
17
1
0
0
0
17
183
1
1
1
0
1
0
0
1
0
175
0
1
1
1
1
0
0
1
1
175
0
1
1
2
1
0
0
1
2
175
0
1
1
3
1
0
0
1
4
1
0
0
1
5
1
0
0
1
6
1
0
0
1
7
1
0
0
1
7
230
0
1
1
8
1
0
0
1
9
1
0
0
1
10
1
0
0
1
10
182
1
1
1
11
1
0
0
1
11
196
1
1
1
12
31
1
0
1
12
28
1
1
1
13
31
1
0
1
14
31
1
0
1
14
29
1
1
1
15
1
0
0
1
16
1
0
0
1
16
170
1
1
1
17
1
0
0
1
17
184
1
1
2
0
1
0
0
2
0
175
0
1
2
1
1
0
0
2
1
175
0
1
2
2
1
0
0
2
2
175
0
1
2
3
1
0
0
2
4
1
0
0
2
5
1
0
0
2
5
175
0
1
2
6
1
0
0
2
7
1
0
0
2
8
1
0
0
2
9
1
0
0
2
10
1
0
0
2
11
1
0
0
2
11
230
0
1
2
12
31
1
0
2
12
28
1
1
2
13
31
1
0
2
14
31
1
0
2
14
29
1
1
2
15
1
0
0
2
16
1
0
0
2
16
230
0
1
2
17
1
0
0
3
0
1
0
0
3
0
175
0
1
3
1
1
0
0
3
1
175
0
1
3
2
1
0
0
3
2
175
0
1
3
3
1
0
0
3
4
1
0
0
3
5
1
0
0
3
6
1
0
0
3
7
1
0
0
3
8
1
0
0
3
9
1
0
0
3
9
168
0
1
3
10
1
0
0
3
11
1
0
0
3
12
31
1
0
3
12
28
1
1
3
13
31
1
0
3
14
31
1
0
3
14
29
1
1
3
15
1
0
0
3
16
1
0
0
3
17
1
0
0
3
17
168
0
1
4
0
1
0
0
4
0
175
0
1
4
1
1
0
0
4
1
175
0
1
4
2
1
0
0
4
3
1
0
0
4
3
175
0
1
4
4
1
0
0
4
5
1
0
0
4
6
1
0
0
4
7
1
0
0
4
8
1
0
0
4
9
1
0
0
4
10
1
0
0
4
11
1
0
0
4
12
31
0
0
4
12
28
0
1
4
12
58
0
2
4
13
31
0
0
4
13
59
0
1
4
14
31
0
0
4
14
29
0
1
4
14
58
0
2
4
15
1
0
0
4
16
1
0
0
4
17
1
0
0
5
0
1
0
0
5
0
175
0
1
5
1
1
0
0
5
2
1
0
0
5
3
1
0
0
5
4
1
0
0
5
5
1
0
0
5
6
1
0
0
5
7
1
0
0
5
8
1
0
0
5
9
1
0
0
5
10
1
0
0
5
11
1
0
0
5
12
31
1
0
5
12
28
1
1
5
13
31
1
0
5
14
31
1
0
5
14
29
1
1
5
15
1
0
0
5
16
1
0
0
5
17
1
0
0
6
0
1
0
0
6
1
1
0
0
6
1
175
0
1
6
2
1
0
0
6
3
1
0
0
6
4
1
0
0
6
5
1
0
0
6
6
1
0
0
6
7
1
0
0
6
7
230
0
1
6
8
1
0
0
6
9
1
0
0
6
10
1
0
0
6
10
200
0
1
6
11
31
1
0
6
11
20
1
1
6
12
31
1
0
6
12
57
1
1
6
13
31
1
0
6
14
31
1
0
6
14
29
1
1
6
15
1
0
0
6
16
1
0
0
6
17
1
0
0
6
17
230
0
1
7
0
1
0
0
7
0
175
0
1
7
1
1
0
0
7
2
1
0
0
7
3
1
0
0
7
4
1
0
0
7
5
1
0
0
7
6
1
0
0
7
7
1
0
0
7
8
1
0
0
7
8
1
0
1
7
9
1
0
0
7
10
31
1
0
7
10
20
1
1
7
11
31
1
0
7
11
57
1
1
7
12
31
1
0
7
13
31
1
0
7
13
56
1
1
7
13
231
0
2
7
14
31
1
0
7
14
35
1
1
7
15
1
0
0
7
15
200
0
1
7
16
1
0
0
7
17
1
0
0
8
0
1
0
0
8
1
1
0
0
8
2
1
0
0
8
3
1
0
0
8
3
175
0
1
8
4
1
0
0
8
5
1
0
0
8
6
1
0
0
8
7
1
0
0
8
8
1
0
0
8
9
31
1
0
8
9
20
1
1
8
10
31
1
0
8
10
57
1
1
8
10
231
0
2
8
11
31
1
0
8
12
31
1
0
8
12
56
1
1
8
13
31
1
0
8
13
35
1
1
8
14
1
0
0
8
15
1
0
0
8
16
1
0
0
8
17
1
0
0
9
0
1
0
0
9
1
1
0
0
9
2
1
0
0
9
3
1
0
0
9
4
1
0
0
9
5
1
0
0
9
6
1
0
0
9
6
230
0
1
9
7
1
0
0
9
8
1
0
0
9
9
31
1
0
9
9
28
1
1
9
9
28
1
2
9
10
31
1
0
9
11
31
1
0
9
11
56
1
1
9
12
31
1
0
9
12
35
1
1
9
13
1
0
0
9
14
1
0
0
9
15
1
0
0
9
16
1
0
0
9
17
1
0
0
10
0
1
0
0
10
0
200
0
1
10
1
1
0
0
10
2
1
0
0
10
3
1
0
0
10
4
1
0
0
10
5
1
0
0
10
6
1
0
0
10
6
168
0
1
10
7
1
0
0
10
8
1
0
0
10
9
31
1
0
10
9
28
1
1
10
10
31
1
0
10
11
31
1
0
10
11
29
1
1
10
12
1
0
0
10
12
201
0
1
10
13
1
0
0
10
13
230
0
1
10
14
1
0
0
10
15
1
0
0
10
16
1
0
0
10
17
1
0
0
11
0
1
0
0
11
1
1
0
0
11
2
1
0
0
11
3
1
0
0
11
4
1
0
0
11
5
1
0
0
11
6
1
0
0
11
7
1
0
0
11
8
1
0
0
11
9
31
1
0
11
9
28
1
1
11
10
31
1
0
11
11
31
1
0
11
11
29
1
1
11
12
1
0
0
11
13
1
0
0
11
14
1
0
0
11
15
1
0
0
11
16
1
0
0
11
17
1
0
0
11
17
168
0
1
12
0
1
0
0
12
1
1
0
0
12
2
1
0
0
12
3
1
0
0
12
4
1
0
0
12
5
1
0
0
12
5
201
0
1
12
6
1
0
0
12
7
1
0
0
12
8
1
0
0
12
9
31
0
0
12
9
28
0
1
12
9
58
0
2
12
10
31
0
0
12
10
59
0
1
12
11
31
0
0
12
11
29
0
1
12
11
58
0
2
12
12
1
0
0
12
13
1
0
0
12
14
1
0
0
12
15
1
0
0
12
16
1
0
0
12
17
1
0
0
13
0
1
0
0
13
1
1
0
0
13
2
1
0
0
13
3
1
0
0
13
4
1
0
0
13
4
228
1
1
13
5
1
0
0
13
6
1
0
0
13
7
1
0
0
13
8
1
0
0
13
9
31
1
0
13
9
28
1
1
13
10
31
1
0
13
11
31
1
0
13
11
29
1
1
13
12
1
0
0
13
13
1
0
0
13
14
1
0
0
13
15
1
0
0
13
16
1
0
0
13
16
200
0
1
13
17
1
0
0
14
0
1
0
0
14
1
1
0
0
14
2
1
0
0
14
3
1
0
0
14
4
1
0
0
14
4
229
1
1
14
5
1
0
0
14
5
200
0
1
14
6
1
0
0
14
7
1
0
0
14
8
1
0
0
14
8
230
0
1
14
9
31
1
0
14
9
31
1
1
14
9
31
1
2
14
9
28
1
3
14
10
31
1
0
14
11
31
1
0
14
11
42
1
1
14
11
231
0
2
14
12
31
1
0
14
12
34
1
1
14
13
1
0
0
14
14
1
0
0
14
14
168
0
1
14
15
1
0
0
14
16
1
0
0
14
17
1
0
0
15
0
1
0
0
15
1
1
0
0
15
2
1
0
0
15
3
1
0
0
15
4
1
0
0
15
4
201
0
1
15
5
1
0
0
15
6
1
0
0
15
7
1
0
0
15
8
1
0
0
15
9
31
1
0
15
9
21
1
1
15
10
31
1
0
15
10
43
1
1
15
11
31
1
0
15
12
31
1
0
15
12
42
1
1
15
13
31
1
0
15
13
34
1
1
15
14
1
0
0
15
14
230
0
1
15
15
1
0
0
15
16
1
0
0
15
17
1
0
0
16
0
1
0
0
16
1
1
0
0
16
1
168
0
1
16
2
1
0
0
16
3
1
0
0
16
4
1
0
0
16
5
1
0
0
16
6
1
0
0
16
6
175
0
1
16
7
1
0
0
16
8
1
0
0
16
9
1
0
0
16
10
31
1
0
16
10
21
1
1
16
11
31
1
0
16
11
43
1
1
16
12
31
1
0
16
13
31
1
0
16
13
42
1
1
16
13
231
0
2
16
14
31
1
0
16
14
30
1
1
16
15
31
1
0
16
15
30
1
1
16
16
31
0
0
16
16
30
0
1
16
16
171
0
2
16
17
31
1
0
16
17
30
1
1
17
0
1
0
0
17
1
1
0
0
17
2
1
0
0
17
3
1
0
0
17
4
1
0
0
17
5
1
0
0
17
6
1
0
0
17
7
1
0
0
17
8
1
0
0
17
9
1
0
0
17
10
1
0
0
17
10
201
0
1
17
11
31
1
0
17
11
21
1
1
17
12
31
1
0
17
12
43
1
1
17
13
31
1
0
17
14
31
1
0
17
15
31
1
0
17
16
31
0
0
17
16
173
0
1
17
17
31
1
0
18
0
1
0
0
18
1
1
0
0
18
2
1
0
0
18
3
1
0
0
18
4
1
0
0
18
5
1
0
0
18
6
1
0
0
18
7
1
0
0
18
8
1
0
0
18
9
1
0
0
18
10
1
0
0
18
11
1
0
0
18
12
31
1
0
18
12
21
1
1
18
13
31
1
0
18
13
44
1
1
18
14
31
1
0
18
14
44
1
1
18
15
31
1
0
18
15
43
1
1
18
16
31
0
0
18
16
171
0
1
18
17
31
1
0
19
0
1
0
0
19
1
1
0
0
19
2
1
0
0
19
3
1
0
0
19
4
1
0
0
19
4
239
1
1
19
5
1
0
0
19
6
1
0
0
19
7
1
0
0
19
8
1
0
0
19
9
1
0
0
19
9
230
0
1
19
10
1
0
0
19
11
1
0
0
19
12
1
0
0
19
13
1
0
0
19
14
1
0
0
19
14
201
0
1
19
15
36
0
0
19
15
31
1
1
19
15
21
1
2
19
16
31
0
0
19
16
44
0
1
19
16
172
0
2
19
17
31
1
0
19
17
44
1
1
20
0
1
0
0
20
0
200
0
1
20
1
1
0
0
20
2
1
0
0
20
3
1
0
0
20
4
1
0
0
20
5
1
0
0
20
6
1
0
0
20
7
1
0
0
20
8
1
0
0
20
9
1
0
0
20
10
1
0
0
20
11
1
0
0
20
12
1
0
0
20
12
182
1
1
20
13
1
0
0
20
13
196
1
1
20
14
1
0
0
20
15
1
0
0
20
16
1
0
0
20
17
1
0
0
21
0
1
0
0
21
1
1
0
0
21
1
169
1
1
21
2
1
0
0
21
2
183
1
1
21
3
1
0
0
21
4
1
0
0
21
5
1
0
0
21
6
1
0
0
21
7
1
0
0
21
8
1
0
0
21
9
1
0
0
21
10
1
0
0
21
11
1
0
0
21
12
1
0
0
21
13
1
0
0
21
14
1
0
0
21
15
1
0
0
21
16
1
0
0
21
17
1
0
0
22
0
1
0
0
22
1
1
0
0
22
1
170
1
1
22
2
1
0
0
22
2
184
1
1
22
3
1
0
0
22
4
1
0
0
22
4
175
0
1
22
5
1
0
0
22
6
1
0
0
22
7
1
0
0
22
8
1
0
0
22
9
1
0
0
22
10
1
0
0
22
11
1
0
0
22
12
1
0
0
22
13
1
0
0
22
14
1
0
0
22
15
1
0
0
22
16
1
0
0
22
16
168
0
1
22
17
1
0
0
23
0
1
0
0
23
0
218
1
1
23
1
1
0
0
23
1
232
1
1
23
2
1
0
0
23
2
246
1
1
23
3
1
0
0
23
4
1
0
0
23
5
1
0
0
23
6
1
0
0
23
7
1
0
0
23
8
1
0
0
23
9
1
0
0
23
10
1
0
0
23
11
1
0
0
23
12
1
0
0
23
13
1
0
0
23
14
1
0
0
23
15
1
0
0
23
16
1
0
0
23
17
1
0
0
23
17
230
0
1
24
0
1
0
0
24
0
219
1
1
24
1
1
0
0
24
1
233
1
1
24
2
1
0
0
24
2
247
1
1
24
3
1
0
0
24
4
1
0
0
24
5
1
0
0
24
6
1
0
0
24
7
1
0
0
24
8
1
0
0
24
8
200
0
1
24
9
1
0
0
24
10
1
0
0
24
11
1
0
0
24
12
1
0
0
24
13
1
0
0
24
14
1
0
0
24
15
1
0
0
24
16
1
0
0
24
17
1
0
0
25
0
1
0
0
25
0
220
1
1
25
1
1
0
0
25
1
234
1
1
25
2
1
0
0
25
2
218
1
1
25
2
248
1
2
25
3
1
0
0
25
3
232
1
1
25
4
1
0
0
25
4
246
0
1
25
5
1
0
0
25
6
1
0
0
25
7
1
0
0
25
8
1
0
0
25
9
1
0
0
25
10
1
0
0
25
10
168
0
1
25
11
1
0
0
25
12
1
0
0
25
13
1
0
0
25
14
1
0
0
25
15
1
0
0
25
16
1
0
0
25
17
1
0
0
26
0
1
0
0
26
0
197
1
1
26
1
1
0
0
26
1
211
1
1
26
2
1
1
0
26
2
225
1
1
26
2
219
1
2
26
3
1
0
0
26
3
233
1
1
26
4
1
0
0
26
4
247
1
1
26
5
1
0
0
26
6
1
0
0
26
7
1
0
0
26
8
1
0
0
26
9
1
0
0
26
10
1
0
0
26
11
1
0
0
26
12
1
0
0
26
13
1
0
0
26
14
1
0
0
26
14
169
1
1
26
15
1
0
0
26
15
183
1
1
26
16
1
0
0
26
16
230
0
1
26
17
1
0
0
27
0
1
0
0
27
0
198
1
1
27
1
1
0
0
27
1
212
1
1
27
2
1
0
0
27
2
226
1
1
27
2
220
1
2
27
3
1
0
0
27
3
234
1
1
27
4
1
0
0
27
4
248
1
1
27
5
1
0
0
27
5
169
1
1
27
6
1
0
0
27
6
183
1
1
27
7
1
0
0
27
8
1
0
0
27
9
1
0
0
27
10
1
0
0
27
11
1
0
0
27
12
1
0
0
27
13
1
0
0
27
14
1
0
0
27
14
170
1
1
27
15
1
0
0
27
15
184
1
1
27
16
1
0
0
27
17
1
0
0
28
0
1
0
0
28
0
199
1
1
28
1
1
0
0
28
1
213
1
1
28
2
1
0
0
28
2
197
1
1
28
3
1
0
0
28
3
211
1
1
28
4
1
0
0
28
4
246
1
1
28
5
1
0
0
28
5
170
1
1
28
6
1
0
0
28
6
184
1
1
28
7
1
0
0
28
8
1
0
0
28
9
1
0
0
28
9
239
1
1
28
10
1
0
0
28
11
1
0
0
28
12
1
0
0
28
12
218
1
1
28
13
1
0
0
28
13
1
0
1
28
13
232
1
2
28
14
1
0
0
28
14
246
0
1
28
15
1
0
0
28
16
1
0
0
28
17
1
0
0
29
0
1
0
0
29
0
211
1
1
29
1
1
0
0
29
1
225
1
1
29
2
1
0
0
29
2
198
1
1
29
3
1
0
0
29
3
212
1
1
29
4
1
0
0
29
4
226
1
1
29
5
1
0
0
29
6
1
0
0
29
7
1
0
0
29
8
1
0
0
29
9
1
0
0
29
10
1
0
0
29
11
1
0
0
29
12
1
0
0
29
12
219
1
1
29
13
1
0
0
29
13
233
1
1
29
14
1
0
0
29
14
247
1
1
29
15
1
0
0
29
16
1
0
0
29
16
197
1
1
29
17
1
0
0
29
17
211
1
1
30
0
1
0
0
30
0
212
1
1
30
1
1
0
0
30
1
226
1
1
30
2
1
0
0
30
2
199
1
1
30
3
1
0
0
30
3
213
1
1
30
3
197
1
2
30
4
1
0
0
30
4
227
0
1
30
4
211
1
2
30
5
1
0
0
30
5
225
0
1
30
6
1
0
0
30
7
1
0
0
30
7
214
1
1
30
8
1
0
0
30
9
1
0
0
30
10
1
0
0
30
11
1
0
0
30
12
1
0
0
30
12
220
1
1
30
13
1
0
0
30
13
234
1
1
30
14
1
0
0
30
14
197
1
1
30
14
248
1
2
30
15
1
0
0
30
15
211
1
1
30
16
1
0
0
30
16
198
1
1
30
17
1
0
0
30
17
212
1
1
31
0
1
0
0
31
0
213
1
1
31
1
1
0
0
31
1
1
0
1
31
1
227
1
2
31
2
1
1
0
31
3
1
0
0
31
3
198
1
1
31
4
1
0
0
31
4
212
1
1
31
5
1
0
0
31
5
226
1
1
31
6
1
0
0
31
7
1
0
0
31
8
1
0
0
31
9
1
0
0
31
10
1
0
0
31
10
210
0
1
31
11
1
0
0
31
11
224
0
1
31
12
1
0
0
31
12
238
0
1
31
13
1
0
0
31
14
1
0
0
31
14
198
1
1
31
15
1
0
0
31
15
212
1
1
31
16
1
0
0
31
16
226
1
1
31
16
199
1
2
31
17
1
0
0
31
17
213
1
1
